values:
---------------------------
 0.00| 0.00| 0.00| 0.00| 0.00| 0.00| 0.00| 0.00| 0.00| 0.00| 0.00| 0.00| 0.00| 0.00| 0.00| 0.00|
---------------------------
 0.00|-9.99| 0.00| 0.00| 0.00|-3.03| 0.00|-9.99| 0.00| 0.00| 0.00|-3.03| 0.00| 0.00| 0.00| 0.00|
---------------------------
 0.00| 0.00|-3.03| 0.00|-2.25| 0.00| 0.00| 0.00| 0.00| 0.00|-2.25|-3.03| 0.00|-9.99| 0.00| 0.00|
---------------------------
 0.00|-3.03|-2.25|-1.39|-1.39|-1.39| 0.00|-1.39| 0.00|-1.39| 0.00| 0.00| 0.00| 0.00| 0.00| 0.00|
---------------------------
 0.00| 0.00|-1.39|-0.43|-0.43|-0.43|-1.39|-0.43|-0.43|-0.43|-1.39|-2.25| 0.00| 0.00| 0.00| 0.00|
---------------------------
 0.00| 0.00| 0.00| 0.63| 0.63| 0.00| 0.00| 0.63| 0.63| 0.00|-1.39|-2.25| 0.00| 0.00| 0.00| 0.00|
---------------------------
 0.00| 0.00| 0.00| 1.81| 1.81| 1.81| 1.81| 1.81| 0.00| 0.00|-2.25|-1.39|-1.39| 0.00|-3.03| 0.00|
---------------------------
 0.00| 0.63| 1.81| 3.12| 3.12| 3.12| 3.12| 3.12| 0.00| 0.00| 0.00|-0.43|-1.39|-2.25| 0.00| 0.00|
---------------------------
 0.00| 1.81| 3.12| 4.58| 4.58| 4.58| 4.58| 4.58| 3.12| 0.00| 0.63|-0.43|-1.39| 0.00| 0.00| 0.00|
---------------------------
 0.00| 0.00| 4.58| 6.20| 6.20| 6.20| 6.20| 0.00| 3.12| 1.81| 0.63| 0.00|-1.39|-2.25| 0.00| 0.00|
---------------------------
 0.00| 4.58| 6.20| 8.00| 8.00| 8.00| 0.00| 0.00| 0.00| 1.81| 0.00| 0.00| 0.00| 0.00| 0.00| 0.00|
---------------------------
 0.00| 6.20| 8.00| 10.00| 10.00| 8.00| 6.20| 0.00| 3.12| 0.00| 0.00| 0.00| 0.00|-2.25| 0.00| 0.00|
---------------------------
 0.00| 0.00| 10.00| 0.00| 10.00| 8.00| 6.20| 4.58| 0.00| 1.81| 0.63| 0.00|-1.39| 0.00| 0.00| 0.00|
---------------------------
 0.00| 0.00| 0.00| 10.00| 10.00| 8.00| 6.20| 4.58| 3.12| 1.81| 0.63|-0.43|-1.39| 0.00| 0.00| 0.00|
---------------------------
 0.00| 0.00| 8.00| 8.00| 0.00| 8.00| 6.20| 4.58| 3.12| 1.81| 0.63|-0.43|-1.39|-2.25| 0.00| 0.00|
---------------------------
 0.00| 0.00| 0.00| 0.00| 0.00| 0.00| 0.00| 0.00| 0.00| 0.00| 0.00| 0.00| 0.00| 0.00| 0.00| 0.00|